33407
63477
55665
41539
49990
21732
459
56272
22064
46147
53556
12234
64874
57932
8286
17043
28942
51737
51024
62789
50533
9343
54618
15969
27851
56184
58340
31607
14305
15399
25672
64500
55485
56977
19194
52389
45499
29075
48798
31489
44036
65486
59238
32082
38344
28525
50543
43837
4580
57146
11112
8147
31650
34678
59449
33992
42570
8336
36499
5235
791
48589
38658
10226
15800
461
14293
24113
41232
38809
55591
60000
49428
45078
37274
25170
48143
45603
23943
6670
31501
24383
32088
16214
22433
63418
33785
10432
29205
48204
31513
46590
24401
57319
13103
58569
3885
12209
24759
30078
23297
35027
51579
24139
24310
34876
11243
64000
63433
40929
6674
6733
44995
5081
4460
4889
22942
65494
13258
16208
11437
57249
10919
38360
39797
41764
41318
31042
23254
54517
2788
46207
15538
2337
61165
27884
2915
44408
5076
62503
31731
30023
33450
46409
27100
17474
39142
48840
51366
32705
17357
36696
19441
40599
49106
7799
34286
18153
7105
35674
52449
8947
37949
17608
21186
12661
6839
54419
35825
55626
62325
8106
60504
39284
60165
58107
39615
15282
52361
25390
35125
59503
19008
46195
17757
4851
45143
7690
15487
42278
29257
64875
25454
5790
54346
9419
35437
46054
47014
6939
52940
36012
31196
24068
55275
37468
9689
62374
61794
61648
9250
16375
51403
43103
36261
23254
6459
49135
9195
40571
61728
57125
19552
1101
26373
57451
51778
15903
30624
37060
3775
34382
47216
50243
86
32717
26656
35348
62669
29308
58687
20002
6932
56948
32392
18741
51186
5174
744
46825
32769
58992
9175
56155
26410
63093
10259
11597
6166
50367
12309
48296
10478
60740
22117
44434
40113
35386
50503
58664
46431
318
50771
39807
33250
50522
16584
48709
50867
17831
52740
64789
41111
9036
53653
5184
20728
21528
355
53407
51834
24396
47981
14215
52654
58055
63220
56619
8331
58782
45029
27116
51919
44255
21013
34949
23734
13705
61370
25639
26684
44672
20658
45617
15869
15411
6155
14362
8627
34894
8087
20251
60915
38995
38988
5314
7859
47282
42472
34277
34202
62703
53007
30927
17670
15142
19826
22534
52974
28615
46329
12619
30158
2108
35537
30773
65442
19982
52871
6611
45124
58166
36259
51914
28890
6280
54895
62523
20630
56407
36417
12551
18166
38471
13251
54698
17543
61774
41923
44158
37796
907
55340
38793
56000
16219
59956
39943
48090
20616
37839
29386
50429
19730
1606
53238
53869
10767
17865
27749
121
3039
49397
30591
10085
3170
37189
33303
39760
21420
35533
30082
33594
42676
59544
38580
47277
50503
13278
32555
25772
25617
53496
62885
51462
12911
2696
33565
7893
1208
15003
58710
42682
58540
57507
15380
58529
53543
43634
10428
10957
24142
11189
32307
42467
5717
48066
32811
55454
31539
37434
49780
8604
18660
12610
12834
29383
10564
48429
45024
47152
25415
26257
25819
42645
19131
12882
59029
22439
53542
29731
39333
32444
46747
20736
7347
21292
32883
49411
60266
63791
46590
18522
45498
5744
32518
3827
51693
61263
53013
820
14586
27806
57777
18136
52103
31443
10502
37672
8205
33276
36887
27777
55183
9496
22011
39303
33424
56968
63171
10787
23457
31165
56085
35369
28810
22273
36679
21805
30315
2239
24596
26961
26926
22854
42081
42812
711
32624
2790
54056
36854
2044
46692
42847
13888
17156
11637
45173
11838
20695
27252
26871
5696
58002
5719
63916
26582
34814
64839
22220
24467
51640
34628
20070
42298
6757
51318
47678
39924
55369
3702
62694
6761
38945
34723
3992
2514
59061
16976
2625
64900
44790
45292
33269
43660
51719
43251
18744
29866
44220
25205
6720
17340
7614
59290
54011
65226
51287
7436
17970
24675
62661
45043
53831
8017
48970
49693
23909
26380
38492
50104
42659
24813
19776
4489
46035
43568
38585
20812
33454
22492
41469
12820
39523
61551
61096
56866
3514
10345
16798
42360
26455
21115
12412
60960
42551
15004
43534
26446
16826
29874
39951
39262
22423
12353
45088
56422
62494
4817
40616
19421
29620
59072
50618
42554
31830
35901
16134
64795
1259
19059
16877
25738
26351
40898
4324
18343
64356
1390
21243
60775
18077
52690
36532
60188
3406
40941
31127
35357
49368
59549
9066
27929
48880
31959
19437
21971
47708
12683
49551
49183
60649
14600
50743
61653
10078
1011
40956
4474
32762
22612
40426
22994
58499
29981
38892
8595
42797
55167
58312
58503
50954
33247
43856
54347
4673
11909
49244
62373
50099
23143
28039
63810
11169
35579
15793
20969
42302
7439
25584
42553
15962
36468
57410
50351
19622
55607
63225
57299
51654
43280
18560
47230
56935
913
14223
46971
505
15550
13667
46671
37226
40285
36906
30518
41226
4555
2017
42652
3454
12396
29644
61070
47828
18879
22084
50526
26726
27140
16557
30198
14802
59835
13760
37025
55777
36590
55153
51281
2327
18878
40893
59726
12355
15172
56089
25706
46236
12938
49064
5189
59514
57549
10527
49811
30310
14372
1367
18424
36251
16130
56401
19657
15403
60172
36683
63764
44356
40961
6261
45555
11906
52916
57166
9980
16261
65040
61377
57133
42960
40923
54090
32519
55829
21869
61094
42036
22128
22980
35664
19416
26611
20116
15759
51817
31428
38261
15657
52293
26575
7485
54146
12266
53058
21116
62702
48020
58589
59563
59331
19154
44437
62683
59769
35594
30419
21015
44025
21137
29039
18461
23228
2842
38732
46681
23390
12261
61096
41915
59192
2218
33746
38921
55051
15875
3515
57672
58673
45362
46385
14269
23142
55761
18125
45335
37728
26306
44530
49206
20018
46684
49339
65094
58412
2845
33551
38013
58345
61414
20205
32624
15794
44932
2882
15956
60988
57650
26086
17756
51254
1241
4736
13190
24309
53480
25541
5501
52139
56880
18566
10467
60826
42816
14141
41497
11386
38406
57991
61958
44413
65096
33974
15964
20152
11429
4439
64811
50468
2416
59018
32950
34409
33904
32441
21164
3126
830
51887
25166
49810
14115
64915
40958
4176
2627
48427
52840
20506
7488
31292
15918
58478
39108
42021
16629
26843
50987
295
21571
10717
3237
36730
1992
49750
54728
25493
11791
62667
1923
17183
62995
30435
22142
39717
41019
35315
51490
37057
56879
29535
1280
36431
55983
30214
2189
59995
61904
2728
39754
16698
23187
10935
14977
21705
15653
28522
9883
53107
50584
8349
42517
1665
52616
39947
44659
50283
22582
30800
8891
